  tree=[0.94368474525341232489413739233479E+00 -0.14894998732640555988111399763517E-02
  0.99190390801019626237795147103239E+00  0.78826601529366493151128226479781E-01
  0.10415262196088060591501251260589E+01  0.15427091256526549765593716321728E+00
  0.10918322174838052611327230196075E+01  0.22539068928765719955025581966668E+00
  0.11419446437967963137697930236072E+01  0.29202080722796726969461098594325E+00
  0.11909291949833783900172228203609E+01  0.35386383431815231680458947078835E+00
  0.12381047710518582046988462404586E+01  0.41087864959178874432911860598257E+00
  0.12838451099066729108338263212659E+01  0.46414369972124329649989086502851E+00
  0.13285775531836732926898380798683E+01  0.51458551171126925634775672593487E+00
  0.13725797752777723875446764652442E+01  0.56281822328539818454411600340487E+00
  0.14160441638618876020901494094242E+01  0.60927470614890181220520034916862E+00
  0.13725797752777723875446764652442E+01  0.56281822328539818454411600340487E+00
  0.13285775531836732926898380798683E+01  0.51458551171126925634775672593487E+00
  0.12838451099066729108338263212659E+01  0.46414369972124329649989086502851E+00
  0.12381047710518582046988462404586E+01  0.41087864959178874432911860598257E+00
  0.11909291949833783900172228203609E+01  0.35386383431815231680458947078835E+00
  0.11419446437967963137697930236072E+01  0.29202080722796726969461098594325E+00
  0.10918322174838052611327230196075E+01  0.22539068928765719955025581966668E+00
  0.10415262196088060591501251260589E+01  0.15427091256526549765593716321728E+00
  0.99190390801019626237795147103239E+00  0.78826601529366493151128226479781E-01
  0.94368474525341232489413739233479E+00 -0.14894998732640555988111399763517E-02
  0.78844792815706718773902545197070E+00 -0.15043289300440086473403143934264E-02
  0.61838788312736001005640577408079E+00 -0.10156528007845410955007289496717E-03
  0.43153767593221691572855444164937E+00  0.42264841162608951476575307698894E-04
  0.22607480048315223016634474326344E+00  0.78183615173966844316369615633174E-04
  0.16443350891209819948906954953023E-04  0.15079277277757810274304634097864E-03
 -0.22604063255231136090860935238990E+00  0.18550714435331541020184908183155E-03
 -0.43149917576376401495941293208096E+00  0.18320189376208643471664549122495E-03
 -0.61834134268881372418171554702519E+00  0.13727590454708132447662459474186E-03
 -0.78842803638154098992255551219323E+00  0.20540479965478395827764726866002E-03
 -0.94396692875960975965105502834307E+00 -0.51449062446683692403951694261536E-04
 -0.99207948605695296281085048939945E+00  0.79405874839440404383568016380853E-01
 -0.10416931468090483382774581030834E+01  0.15468712380747698428294502574575E+00
 -0.10919927386785509063937570548864E+01  0.22572964950669781625351177549119E+00
 -0.11420975983247159827323361682588E+01  0.29231304932874545831396821408629E+00
 -0.11910746201809223730346995007564E+01  0.35412447665462438100900360385290E+00
 -0.12382433709520099553105361958979E+01  0.41111637002044314531615189957326E+00
 -0.12839777286242525466643512294510E+01  0.46436362417567830405970624653606E+00
 -0.13287044329072541378686791842071E+01  0.51479137808935243272156592073246E+00
 -0.13727024324664534072962879134639E+01  0.56301150205754706541608181798253E+00
 -0.14161600260486344472182725432478E+01  0.60945996207082357771082411349394E+00
 -0.13727024324664534072962879134639E+01  0.56301150205754706541608181798253E+00
 -0.13287044329072541378686791842071E+01  0.51479137808935243272156592073246E+00
 -0.12839777286242525466643512294510E+01  0.46436362417567830405970624653606E+00
 -0.12382433709520099553105361958979E+01  0.41111637002044314531615189957326E+00
 -0.11910746201809223730346995007564E+01  0.35412447665462438100900360385290E+00
 -0.11420975983247159827323361682588E+01  0.29231304932874545831396821408629E+00
 -0.10919927386785509063937570548864E+01  0.22572964950669781625351177549119E+00
 -0.10416931468090483382774581030834E+01  0.15468712380747698428294502574575E+00
 -0.99207948605695296281085048939945E+00  0.79405874839440404383568016380853E-01
 -0.94396692875960975965105502834307E+00 -0.51449062446683692403951694261536E-04
 -0.99135186145832602346316944838707E+00 -0.79782199876001433438542417717049E-01
 -0.10416606362123557586621212848959E+01 -0.15457293875988198190465720033345E+00
 -0.10920031066687784306289494143731E+01 -0.22556874775643504283404333746877E+00
 -0.11421118971478712471406620856670E+01 -0.29213906414923224968347908149225E+00
 -0.11910849307019096958349532169090E+01 -0.35394781346643878542856755633133E+00
 -0.12382462068988153975601498674984E+01 -0.41094279998742378490323342717100E+00
 -0.12839722466496116549046687802876E+01 -0.46419585431847796128597346912682E+00
 -0.13286959168730806900110545047731E+01 -0.51462605107998512007796260700359E+00
 -0.13726809966604391293197456771234E+01 -0.56285853926144290287896810792655E+00
 -0.14161598187197828564950166411250E+01 -0.60928801987598816097505799770121E+00
 -0.13726809966604391293197456771234E+01 -0.56285853926144290287896810792655E+00
 -0.13286959168730806900110545047731E+01 -0.51462605107998512007796260700359E+00
 -0.12839722466496116549046687802876E+01 -0.46419585431847796128597346912682E+00
 -0.12382462068988153975601498674984E+01 -0.41094279998742378490323342717100E+00
 -0.11910849307019096958349532169090E+01 -0.35394781346643878542856755633133E+00
 -0.11421118971478712471406620856670E+01 -0.29213906414923224968347908149225E+00
 -0.10920031066687784306289494143731E+01 -0.22556874775643504283404333746877E+00
 -0.10416606362123557586621212848959E+01 -0.15457293875988198190465720033345E+00
 -0.99135186145832602346316944838707E+00 -0.79782199876001433438542417717049E-01
 -0.94396692875960975965105502834307E+00 -0.51449062446683692403951694261536E-04
 -0.78842803638154098992255551219323E+00  0.20540479965478395827764726866002E-03
 -0.61834134268881372418171554702519E+00  0.13727590454708132447662459474186E-03
 -0.43149917576376401495941293208096E+00  0.18320189376208643471664549122495E-03
 -0.22604063255231136090860935238990E+00  0.18550714435331541020184908183155E-03
  0.16443350891209819948906954953023E-04  0.15079277277757810274304634097864E-03
  0.22607480048315223016634474326344E+00  0.78183615173966844316369615633174E-04
  0.43153767593221691572855444164937E+00  0.42264841162608951476575307698894E-04
  0.61838788312736001005640577408079E+00 -0.10156528007845410955007289496717E-03
  0.78844792815706718773902545197070E+00 -0.15043289300440086473403143934264E-02
  0.94368474525341232489413739233479E+00 -0.14894998732640555988111399763517E-02
  0.99274400688393513213779398675732E+00 -0.79591637863178727900567006235338E-01
  0.10418418089801594052892519107836E+01 -0.15501890563945463112108942269947E+00
  0.10922097361780037839955999593886E+01 -0.22591130928367829650310862039026E+00
  0.11422474054527985265212166515385E+01 -0.29247774111785954029796132616124E+00
  0.11912120848676818876667463276007E+01 -0.35425221224977949713767419581618E+00
  0.12383620038635200886414869218151E+01 -0.41122541107999233548597061612716E+00
  0.12840844075988019942261738627432E+01 -0.46445660181319543477841090534115E+00
  0.13288010037065672701667903109911E+01 -0.51487226022008700597720558595079E+00
  0.13727899020393200421682460158990E+01 -0.56308337552112715840470259636281E+00
  0.14162428623799049898219723228028E+01 -0.60952160774920874493869379260122E+00
  0.13727899020393200421682460158990E+01 -0.56308337552112715840470259636281E+00
  0.13288010037065672701667903109911E+01 -0.51487226022008700597720558595079E+00
  0.12840844075988019942261738627432E+01 -0.46445660181319543477841090534115E+00
  0.12383620038635200886414869218151E+01 -0.41122541107999233548597061612716E+00
  0.11912120848676818876667463276007E+01 -0.35425221224977949713767419581618E+00
  0.11422474054527985265212166515385E+01 -0.29247774111785954029796132616124E+00
  0.10922097361780037839955999593886E+01 -0.22591130928367829650310862039026E+00
